1	1	1	1	1	1	1	1	1	1	1	1	1	1	1	1	1	1	1	1	1	1	1	1	1	1	1	1	1	1	1	1	1	1	1	1	1	1	1	1	1	1	1	1	1	1	1	1	1	1	1	1	1	1	1	1	1	1	1	1	1	1	1	1	1	1	1	1	1	1	1	1	1	1	1	1	1	1	1	1	1	1	1	1	1	1	1	1	1	1	1	1	1	1	1	1	1	1	1	1	1	1	1	1	1	1	1	1	1	1	1	1	1	1	1	1	1	1	1	1	1	1	1	1	1	1	1	1	1	1	1	1	1	1	1	1	1	1	1	1	1	1	1	1	1	1	1	1	1	2	1	1	1	2	1	3	4	4	4	4	4	4	4	4	4	4	4	4	4	4	4	4	4	4	4	4	1	1	1	1	1
1	1	1	1	1	1	1	1	1	1	1	1	1	1	1	1	1	1	1	1	1	1	1	1	1	1	1	1	1	1	1	1	1	1	1	1	1	1	1	1	1	1	5	1	1	1	1	2	1	1	5	1	1	1	1	1	1	1	1	1	1	1	1	1	1	1	1	1	1	1	1	1	1	1	1	1	1	1	1	1	1	1	1	1	1	1	1	1	1	1	1	1	1	1	1	1	1	1	1	1	1	1	1	1	1	1	1	1	1	1	1	1	1	1	1	1	1	1	1	1	6	1	5	1	1	1	1	1	1	1	1	1	1	1	1	1	1	1	1	1	1	1	1	1	1	1	1	1	1	1	1	1	1	1	1	3	4	4	4	4	4	4	4	4	4	4	4	4	4	4	4	4	4	4	4	4	1	1	1	1	1
1	1	1	1	1	1	1	2	1	1	1	1	1	1	1	1	6	1	1	1	1	2	1	1	1	1	1	1	1	1	1	1	1	1	1	1	1	1	1	1	1	1	1	1	1	1	1	1	1	1	1	1	6	1	1	1	1	1	1	1	1	1	1	1	1	1	1	1	1	1	1	1	1	1	1	1	1	1	1	1	1	1	1	1	1	2	1	1	1	1	1	1	1	1	1	1	1	1	1	1	1	2	1	1	1	1	1	1	1	1	1	1	1	1	1	1	1	1	1	1	1	1	1	1	1	1	1	1	1	1	1	1	1	1	1	1	1	1	1	1	1	1	1	1	1	1	1	1	1	1	1	1	1	1	1	3	4	4	4	4	4	4	4	4	4	4	4	4	4	4	4	4	4	4	4	4	1	1	1	1	1
1	1	1	1	1	1	1	1	1	1	1	1	1	1	1	1	1	1	1	1	1	1	1	1	1	1	1	1	1	1	1	1	1	1	1	1	1	2	5	1	1	1	1	1	1	1	1	2	1	1	1	1	1	1	1	1	1	1	1	1	1	1	1	1	1	1	1	1	1	1	1	1	1	1	1	1	1	1	1	2	1	1	1	1	1	1	1	1	1	1	1	1	1	1	1	1	1	1	1	1	1	1	1	1	1	1	1	1	1	1	1	1	1	1	1	1	1	1	1	1	1	1	1	1	1	1	1	1	1	1	1	1	1	1	1	1	1	1	1	1	1	1	1	1	1	1	1	1	1	1	1	1	1	1	1	3	4	4	4	4	4	4	4	4	4	4	4	4	4	4	4	4	4	4	4	4	1	1	1	1	1
1	1	1	1	1	1	1	1	1	1	1	1	1	1	5	1	6	1	1	1	1	1	1	2	1	1	1	1	1	1	1	1	1	1	1	1	1	1	1	1	1	1	1	1	1	1	1	1	1	1	1	1	1	1	1	1	1	1	1	1	6	1	1	1	1	1	1	1	1	1	1	1	1	1	1	1	1	1	1	1	1	1	1	1	1	1	1	1	1	1	1	1	1	1	5	1	1	1	1	1	1	1	1	1	1	2	1	1	6	1	1	1	1	1	1	1	1	1	1	1	1	1	1	1	1	1	1	1	1	1	1	1	1	1	1	1	1	1	1	1	1	1	1	1	1	1	1	1	1	1	1	1	1	1	1	3	4	4	4	4	4	4	4	4	4	4	4	4	4	4	4	4	4	4	4	4	1	1	1	1	1
1	1	1	1	1	1	1	1	1	1	1	1	1	1	1	1	1	1	5	2	1	1	1	1	1	1	1	1	1	1	1	1	1	1	1	1	1	1	1	1	1	1	1	1	1	1	1	1	1	1	1	1	1	1	1	1	1	1	1	1	1	1	1	1	1	1	1	1	1	1	1	1	1	1	1	1	1	1	1	1	1	1	1	1	1	1	1	1	1	1	1	1	1	2	1	1	1	1	1	1	1	1	1	1	1	1	1	1	1	1	1	1	1	1	1	1	6	1	1	1	1	1	1	1	1	1	1	1	1	1	1	1	1	1	1	1	1	1	1	2	1	1	1	1	1	1	1	1	1	1	1	1	1	1	1	3	4	4	4	4	4	4	4	4	4	4	4	4	4	4	4	4	4	4	4	4	1	1	1	1	1
1	1	1	1	1	1	1	1	1	1	1	1	1	1	1	1	1	1	1	1	1	1	1	1	1	1	1	1	1	1	1	1	1	1	1	1	1	1	1	1	1	1	1	1	1	1	1	1	1	1	1	1	1	1	1	1	1	1	1	1	1	1	1	1	1	1	1	1	1	1	1	1	1	1	1	1	1	1	1	1	1	1	1	1	1	1	1	1	1	1	1	2	1	1	5	1	1	1	1	1	1	1	1	1	1	1	1	1	1	1	1	1	1	1	1	1	1	1	1	1	1	1	1	1	1	1	1	1	1	1	1	1	1	1	1	1	1	1	1	1	1	1	1	1	1	1	1	1	1	1	1	1	1	1	1	3	4	4	4	4	4	4	4	4	4	4	4	4	4	4	4	4	4	4	4	4	1	1	1	1	1
1	1	1	1	1	1	1	1	1	1	1	1	1	1	1	1	1	1	1	1	1	1	1	1	1	1	1	1	1	1	1	1	1	1	1	1	1	1	1	1	1	1	1	1	1	1	1	1	1	1	1	1	1	1	1	1	1	1	1	1	1	1	1	1	1	1	1	1	1	2	1	1	1	1	1	1	1	1	1	1	1	1	1	1	1	1	1	1	1	1	1	1	1	1	1	1	1	1	1	1	1	1	1	1	1	1	1	1	1	1	1	1	1	1	1	1	1	1	1	1	1	1	1	1	1	1	1	1	1	1	1	1	6	1	1	1	1	1	1	1	1	7	8	1	1	1	1	1	1	1	1	1	1	1	1	3	4	4	4	4	4	4	4	4	4	4	4	4	4	4	4	4	4	4	4	4	1	1	1	1	1
1	1	1	1	1	1	1	1	1	1	1	1	1	1	1	1	1	1	1	1	1	1	1	1	1	1	1	1	1	1	1	1	1	1	1	1	1	1	1	1	1	1	1	1	1	1	1	1	1	1	1	1	1	1	1	1	1	1	1	1	1	1	1	1	1	1	1	1	1	1	1	1	1	1	5	1	6	1	1	1	1	1	1	1	1	1	1	1	1	1	1	1	1	1	1	1	1	1	1	1	1	1	1	1	1	1	1	1	1	1	1	1	1	1	1	1	1	1	1	1	1	1	1	1	1	1	1	1	1	1	1	1	1	1	1	1	1	1	1	1	1	9	10	1	1	1	1	1	1	1	1	1	1	1	1	3	4	4	4	4	4	4	4	4	4	4	4	4	4	4	4	4	4	4	4	4	1	1	1	1	1
1	1	1	1	1	1	1	1	1	1	1	1	1	1	1	1	1	1	1	1	1	1	1	1	1	1	1	1	1	1	1	1	1	1	1	1	1	1	1	1	1	1	1	1	1	1	1	1	1	1	1	1	1	1	1	1	1	1	1	1	1	1	1	1	1	1	1	1	1	1	1	1	1	1	1	1	1	1	1	1	1	1	11	12	12	13	14	2	1	1	1	1	1	1	1	1	1	1	1	1	1	1	1	1	1	1	1	1	1	1	1	1	1	1	1	1	1	1	1	1	6	1	1	1	1	1	1	1	1	1	1	1	1	1	1	1	1	1	1	1	1	9	10	1	1	1	1	1	1	1	1	2	1	1	1	3	4	4	4	4	4	4	4	4	4	4	4	4	4	4	4	4	4	4	4	4	1	1	1	1	1
1	1	1	1	1	1	1	1	1	1	1	1	1	1	1	1	1	1	1	1	1	1	1	1	1	1	1	1	1	1	1	1	1	1	1	1	1	1	1	1	1	1	1	1	1	1	1	1	1	1	1	1	1	1	1	1	1	1	1	1	1	1	1	1	1	1	1	1	1	1	1	1	1	1	1	1	1	1	1	1	1	1	15	16	16	17	18	1	1	1	1	1	1	1	1	1	1	1	1	1	1	1	1	1	1	1	1	1	1	1	1	1	1	1	1	1	1	1	1	1	1	1	1	1	1	1	1	1	1	1	1	1	1	1	1	1	1	1	1	1	1	9	10	1	1	1	1	1	1	1	1	1	1	1	1	3	4	4	4	4	4	4	4	4	4	4	4	4	4	4	4	4	4	4	4	4	1	1	1	1	1
1	1	1	1	1	1	1	1	1	1	1	1	1	1	1	1	1	1	1	1	1	1	1	1	1	1	1	1	1	1	1	1	1	1	1	1	1	1	1	1	1	1	1	1	1	1	1	1	1	1	1	1	1	1	1	1	1	1	1	1	1	1	1	1	1	1	1	1	1	1	1	1	1	1	1	1	1	1	1	1	1	1	19	20	20	20	21	1	1	1	1	1	1	22	22	22	22	22	22	22	22	22	22	22	22	22	1	1	1	1	1	1	1	1	1	1	1	1	1	1	1	1	1	1	1	1	1	1	1	1	1	1	1	1	1	1	1	1	1	1	1	9	10	1	1	1	1	1	1	1	1	1	1	1	1	3	4	4	4	4	4	4	4	4	4	4	4	4	4	4	4	4	4	4	4	4	1	1	1	1	1
1	1	1	1	1	1	1	1	1	1	1	1	1	1	1	1	1	1	1	1	1	1	1	1	1	1	1	1	1	1	1	1	1	1	1	1	1	1	1	1	1	1	1	1	1	1	1	1	1	1	1	1	1	1	1	1	1	1	1	1	1	1	1	1	1	1	1	1	1	1	1	1	1	1	1	1	1	1	1	1	1	1	1	1	1	1	1	1	22	22	22	22	1	1	1	1	1	1	1	1	1	1	1	1	1	1	1	1	1	1	1	1	1	1	1	1	1	1	1	1	1	1	1	1	1	1	1	1	1	1	1	1	1	1	1	1	1	1	1	1	1	9	10	1	1	1	1	1	1	1	1	1	1	1	1	3	4	4	4	4	4	4	4	4	4	4	4	4	4	4	4	4	4	4	4	4	1	1	1	1	1
1	1	1	1	1	1	1	1	1	1	1	1	1	1	1	1	1	1	1	1	1	1	1	1	1	1	1	1	1	1	1	1	1	1	1	1	1	1	1	1	1	1	1	1	1	1	1	1	1	1	1	1	1	1	1	1	1	1	1	1	1	1	1	1	1	1	1	1	1	1	1	1	1	1	1	1	1	1	1	1	1	1	1	1	1	1	1	1	1	1	1	1	1	1	1	1	1	1	1	1	1	1	1	1	1	1	1	1	1	1	1	1	1	1	1	1	1	1	1	1	1	1	1	1	1	1	1	1	1	1	1	1	1	1	1	1	1	1	1	1	1	9	10	1	1	1	1	1	1	1	1	1	1	1	1	3	4	4	4	4	4	4	4	4	4	4	4	4	4	4	4	4	4	4	4	4	1	1	1	1	1
1	1	1	1	1	1	1	1	1	1	1	1	1	1	1	1	1	1	1	1	1	1	1	1	1	1	1	1	1	1	1	1	1	1	1	1	1	1	1	1	1	1	1	1	1	1	1	1	1	1	1	1	1	1	1	1	1	1	1	1	1	1	1	1	1	1	1	1	1	1	1	1	1	1	1	1	1	1	1	1	1	1	1	1	1	1	1	1	1	1	1	1	1	1	1	1	1	1	1	1	1	1	1	1	1	1	1	1	1	1	1	1	1	1	1	1	1	1	1	1	1	1	1	1	1	1	1	1	1	1	1	1	1	1	1	1	1	1	1	1	1	9	10	1	1	1	1	1	1	1	1	1	1	1	1	3	4	4	4	4	4	4	4	4	4	4	4	4	4	4	4	4	4	4	4	4	1	1	1	1	1
1	1	1	1	1	1	1	1	1	1	1	1	1	1	1	1	1	1	1	1	1	1	1	1	1	1	1	1	1	1	1	1	1	1	1	1	1	1	1	1	1	1	1	1	1	1	1	1	1	1	1	1	1	1	1	1	1	1	1	1	1	1	1	1	1	1	1	1	1	1	1	1	1	1	1	1	1	1	1	1	1	1	1	1	1	1	1	1	1	1	1	1	1	1	1	1	1	1	1	1	1	1	1	1	1	1	1	1	1	1	1	1	1	1	1	1	1	1	1	1	1	1	1	1	1	1	1	1	1	1	1	1	1	1	1	1	1	1	1	1	1	9	10	1	1	1	1	1	1	1	1	1	1	1	1	3	4	4	4	4	4	4	4	4	4	4	4	4	4	4	4	4	4	4	4	4	1	1	1	1	1
1	1	1	1	1	1	1	1	1	1	1	1	1	1	1	1	1	1	1	1	23	24	25	1	1	1	1	1	1	1	1	1	1	1	1	1	1	1	1	1	1	1	1	1	1	1	1	1	1	1	1	1	1	1	1	1	1	1	1	1	1	1	1	1	1	1	1	1	1	1	1	1	1	1	1	1	1	1	1	1	1	1	1	1	1	1	1	1	1	1	1	1	1	1	1	1	1	1	1	1	1	1	1	1	1	1	1	1	1	1	1	1	1	1	1	1	1	1	1	1	1	1	1	1	1	1	1	1	1	1	1	1	1	1	1	1	1	1	1	1	1	9	10	1	1	1	1	1	1	1	1	1	1	1	1	3	4	4	4	4	4	4	4	4	4	4	4	4	4	4	4	4	4	4	4	4	1	1	1	1	1
1	1	1	1	1	1	1	23	24	24	25	1	1	1	1	1	1	1	1	1	26	27	28	1	1	1	1	1	1	1	1	1	1	1	1	1	1	1	1	1	23	24	25	1	1	1	1	1	1	1	1	1	1	1	1	1	1	1	1	1	1	1	1	1	1	1	1	1	1	1	1	1	1	23	24	25	1	1	1	1	1	1	1	1	1	1	1	1	1	1	1	1	1	1	1	1	1	1	1	1	1	1	1	23	24	24	24	25	1	1	1	1	1	1	1	1	1	1	1	1	1	1	1	1	1	1	1	1	1	1	1	1	1	1	1	1	29	30	31	14	1	9	10	1	1	1	1	1	1	1	1	1	1	1	1	3	4	4	4	4	4	4	4	4	4	4	4	4	4	4	4	4	4	4	4	4	1	1	1	1	1
1	1	1	1	1	1	1	26	27	32	33	1	1	1	1	1	1	1	1	1	1	1	1	1	1	1	1	1	1	1	1	1	1	1	1	1	1	1	1	1	26	27	28	1	1	1	1	1	1	1	1	1	1	1	1	1	1	1	1	1	1	1	1	1	1	1	1	1	1	1	1	1	1	26	27	28	1	1	1	1	1	1	1	1	1	1	1	1	1	1	1	1	1	1	1	1	1	1	1	1	1	1	1	26	27	27	27	28	1	1	1	1	1	1	1	1	1	1	1	1	1	1	1	1	1	1	1	1	1	1	1	1	1	1	1	1	34	35	36	18	1	9	10	1	1	23	24	25	1	1	37	38	1	1	1	3	4	4	4	4	4	4	4	4	4	4	4	4	4	4	4	4	4	4	4	4	1	1	1	1	1
1	1	1	1	1	1	1	1	1	1	1	1	1	1	1	1	1	1	1	1	1	1	1	1	1	1	1	1	1	1	1	1	39	40	40	41	14	1	1	1	1	1	1	1	1	23	24	24	24	25	1	1	1	1	1	1	1	1	1	1	1	1	1	1	1	1	1	1	1	1	1	1	1	1	1	1	1	1	1	1	1	1	1	1	1	1	1	1	1	1	1	1	1	1	1	1	1	1	1	1	1	1	1	1	1	1	1	1	1	1	1	1	1	1	1	1	1	1	1	1	1	1	1	1	1	1	1	1	1	1	1	1	1	1	1	1	34	35	36	18	1	42	42	1	1	26	27	28	1	1	43	44	38	1	1	3	4	4	4	4	4	4	4	4	4	4	4	4	4	4	4	4	4	4	4	4	1	1	1	1	1
1	1	1	1	1	1	1	1	1	1	1	1	1	1	1	1	1	1	1	1	1	1	1	1	1	1	1	1	1	1	1	1	45	46	46	47	18	1	1	1	1	1	1	1	1	26	27	27	27	28	1	1	1	1	1	1	1	1	1	1	1	1	1	1	1	1	1	1	1	1	1	1	1	1	1	1	1	1	1	1	1	1	1	48	49	49	49	49	49	50	14	1	1	1	1	1	1	1	1	1	1	1	1	1	1	1	1	1	1	1	1	1	1	1	1	1	1	1	1	1	1	1	1	1	1	1	1	1	1	1	1	1	1	1	1	1	34	35	36	18	1	1	1	1	1	1	1	1	1	1	43	51	52	1	1	3	4	4	4	4	4	4	53	54	4	4	4	55	56	57	4	4	4	4	4	4	1	1	1	1	1
1	1	1	1	1	1	1	1	1	1	1	1	1	1	1	1	1	48	49	50	14	1	1	1	1	1	1	1	1	11	12	12	13	58	46	47	18	1	1	1	1	1	1	1	1	1	1	1	1	1	1	1	1	1	1	37	38	1	1	1	1	1	1	1	1	1	1	1	1	1	1	1	1	1	1	1	1	1	1	1	1	1	1	59	60	60	60	60	60	61	18	1	1	1	42	42	1	1	1	1	1	1	1	1	1	1	1	1	1	1	1	1	1	1	1	1	1	1	1	1	1	1	1	1	1	1	1	1	1	1	1	1	1	1	1	1	34	35	36	18	1	1	1	1	1	1	1	1	1	37	62	51	52	1	1	3	4	4	4	4	4	4	63	64	4	4	4	65	4	66	4	4	4	4	4	4	1	1	1	1	1
1	1	37	38	1	1	1	1	1	1	1	1	1	1	1	1	1	59	60	61	18	1	1	1	1	1	1	1	1	67	68	68	69	70	46	47	18	1	1	1	1	1	1	1	1	1	1	1	1	1	1	1	37	38	37	62	52	37	38	1	37	38	1	1	1	1	1	1	1	1	1	1	1	1	1	1	1	1	1	1	1	11	12	12	12	12	12	13	71	61	18	1	1	1	1	1	1	1	1	1	1	1	1	1	1	1	1	1	1	1	1	1	1	1	1	1	1	1	1	1	1	1	1	1	1	1	1	1	1	1	1	1	1	1	1	1	34	35	36	18	1	1	1	1	1	1	1	1	37	62	51	51	52	1	1	3	4	4	4	4	4	4	63	53	54	4	4	72	73	74	4	4	4	4	4	4	1	1	1	1	1
1	37	62	52	37	38	37	38	1	1	1	1	1	1	1	11	12	13	71	61	18	1	7	8	1	29	30	30	30	31	75	68	69	70	46	47	18	1	1	1	1	1	1	1	1	1	1	1	1	1	1	1	43	44	62	44	62	51	52	1	43	44	38	1	1	1	1	1	1	1	1	1	1	1	1	1	1	1	1	1	1	67	68	68	68	68	68	69	76	61	18	1	1	1	1	1	1	1	1	1	42	1	1	1	42	1	1	1	1	1	1	1	1	1	1	1	7	8	1	37	38	1	1	1	1	1	1	1	1	1	1	1	1	1	11	12	13	77	36	18	1	42	42	1	1	1	1	1	43	51	51	51	52	1	1	3	4	4	4	4	4	4	63	4	64	4	4	4	4	4	4	4	4	53	54	4	1	1	1	1	1
1	43	44	62	51	52	43	44	38	1	1	1	1	1	1	67	68	69	76	61	18	1	9	10	1	34	35	35	35	36	78	68	29	30	30	30	30	31	14	1	1	1	79	79	79	79	79	79	1	1	1	37	62	51	51	51	51	51	52	37	62	51	52	1	1	79	79	1	1	1	1	1	1	1	1	1	1	1	1	29	30	30	30	30	30	31	75	69	76	61	18	1	1	1	1	1	1	1	1	42	42	1	1	1	42	42	1	1	1	1	1	1	7	8	1	1	9	10	1	43	44	38	1	1	1	1	1	1	1	1	1	1	1	1	67	68	69	80	36	18	1	9	10	1	1	7	8	1	43	51	51	51	44	38	1	3	4	4	4	4	4	4	63	4	53	54	4	4	4	4	4	4	4	63	64	4	1	1	1	1	1
1	43	51	51	51	44	62	51	52	1	79	79	79	1	1	15	16	17	81	82	18	1	9	10	1	83	84	84	84	85	86	16	83	84	84	84	84	85	18	87	88	88	88	88	88	88	88	88	88	88	88	88	88	88	88	88	88	88	88	88	88	88	88	88	88	88	88	89	1	1	1	1	1	1	79	79	79	1	1	83	84	84	84	84	84	85	86	17	81	82	18	1	1	1	1	1	1	1	42	42	42	1	1	1	42	42	42	1	79	79	79	1	9	10	1	1	9	10	37	62	51	52	1	1	1	1	1	1	1	1	1	1	1	1	15	16	17	90	85	18	1	9	10	1	1	9	10	1	43	51	51	51	51	52	1	3	4	4	4	4	4	53	54	4	4	64	4	4	4	4	4	4	53	54	64	4	1	1	1	1	1
87	88	88	88	88	88	88	88	88	88	88	88	88	88	88	88	88	88	88	88	88	88	88	88	88	88	88	88	88	88	88	88	88	88	88	88	88	88	89	91	92	92	92	92	92	92	92	92	92	92	92	92	92	92	92	92	92	92	92	92	92	92	92	92	92	92	92	93	1	1	1	1	87	88	88	88	88	88	88	88	88	88	88	88	88	88	88	88	88	88	88	88	88	89	1	1	87	88	88	88	89	1	1	1	87	88	88	88	88	88	88	88	88	88	88	88	88	88	88	88	88	88	88	88	88	88	88	88	88	88	88	88	88	88	88	88	88	88	88	89	1	87	88	88	88	88	88	88	88	88	88	88	88	88	88	88	88	88	88	88	88	88	88	88	88	88	88	88	88	88	88	88	88	88	88	89	1	1	1	1	1
94	94	94	94	94	94	94	94	94	94	94	94	94	94	94	94	4	4	4	4	4	4	4	4	4	4	4	4	4	4	4	4	4	4	4	4	4	4	4	4	4	4	4	4	4	4	4	4	4	4	4	4	4	4	4	4	4	4	4	4	4	4	4	4	4	4	4	4	4	4	4	4	4	4	4	4	4	4	4	4	4	4	4	4	4	4	4	4	4	4	4	4	4	4	4	4	4	4	4	4	4	4	4	4	4	4	4	4	4	4	4	4	4	4	4	4	4	4	4	4	4	4	4	4	4	4	4	4	4	4	4	4	4	4	4	4	4	4	4	4	4	4	4	4	4	4	4	4	4	4	4	4	4	4	4	4	4	4	4	4	4	4	4	4	4	4	4	4	4	4	4	4	4	4	4	4	1	1	1	1	1
4	4	4	4	4	4	4	4	4	4	4	4	4	4	4	4	4	4	4	4	4	4	4	4	4	4	4	4	4	4	4	4	4	4	4	4	4	4	4	4	4	4	4	4	4	4	4	4	4	4	4	4	4	4	4	4	4	4	4	4	4	4	4	4	4	4	4	4	4	4	4	4	4	4	4	4	4	4	4	4	4	4	4	4	4	4	4	4	4	4	4	4	4	4	4	4	4	4	4	4	4	4	4	4	4	4	4	4	4	4	4	4	4	4	4	4	4	4	4	4	4	4	4	4	4	4	4	4	4	4	4	4	4	4	4	4	4	4	4	4	4	4	4	4	4	4	4	4	4	4	4	4	4	4	4	4	4	4	4	4	4	4	4	4	4	4	4	4	4	4	4	4	4	4	4	4	1	1	1	1	1
4	4	4	4	4	4	4	4	4	4	4	4	4	4	4	4	4	4	4	4	4	4	4	4	4	4	4	4	4	4	4	4	4	4	4	4	4	4	4	4	4	4	4	4	4	4	4	4	4	4	4	4	4	4	4	4	4	4	4	4	4	4	4	4	4	4	4	4	4	4	4	4	4	4	4	4	4	4	4	4	4	4	4	4	4	4	4	4	4	4	4	4	4	4	4	4	4	4	4	4	4	4	4	4	4	4	4	4	4	4	4	4	4	4	4	4	4	4	4	4	4	4	4	95	95	95	95	95	95	95	95	96	97	95	95	95	95	95	95	95	95	95	95	95	95	96	97	95	95	95	95	95	95	95	95	4	4	4	4	4	4	4	4	4	4	4	4	4	4	4	4	4	4	4	4	4	1	1	1	1	1
4	4	4	4	4	4	4	4	4	4	4	4	4	4	4	4	4	4	4	4	4	4	4	4	4	4	4	4	4	4	4	4	4	4	4	4	4	4	4	4	4	4	4	4	4	4	4	4	4	4	4	4	4	4	4	4	4	4	4	4	4	4	4	4	4	4	4	4	4	4	4	4	4	4	4	4	4	4	4	4	4	4	4	4	4	4	4	4	4	4	4	4	4	4	4	4	4	4	4	4	4	4	4	4	4	4	4	4	4	4	4	4	4	4	4	4	4	4	4	4	4	4	4	95	95	95	95	95	95	95	95	98	99	4	4	4	4	4	4	4	4	4	4	4	4	98	99	95	95	95	95	95	95	95	95	4	4	4	4	4	4	4	4	4	4	4	4	4	4	4	4	4	4	4	4	4	1	1	1	1	1
4	4	4	4	4	4	4	4	4	4	4	4	4	4	4	4	4	4	4	4	4	4	4	4	4	4	4	4	4	4	4	4	4	4	4	4	4	4	4	4	4	4	4	4	4	4	4	4	4	4	4	4	4	4	4	4	4	4	4	4	4	4	4	4	4	4	4	4	4	4	4	4	4	4	4	4	4	4	4	4	4	4	4	4	4	4	4	4	4	4	4	4	4	4	4	4	4	4	4	4	4	4	4	4	4	4	4	4	4	4	4	4	4	4	4	4	4	4	4	4	4	4	4	95	95	95	95	95	95	95	95	4	4	4	4	4	4	4	4	4	4	4	4	4	4	4	4	95	95	95	95	95	95	95	95	4	4	4	4	4	4	4	4	4	4	4	4	4	4	4	4	4	4	4	4	4	1	1	1	1	1
4	4	4	4	4	4	4	4	4	4	4	4	4	4	4	4	4	4	4	4	4	4	4	4	4	4	4	4	4	4	4	4	4	4	4	4	4	4	4	4	4	4	4	4	4	4	4	4	4	4	4	4	4	4	4	4	4	4	4	4	4	4	4	4	4	4	4	4	4	4	4	4	4	4	4	4	4	4	4	4	4	4	4	4	4	4	4	4	4	4	4	4	4	4	4	4	4	4	4	4	4	4	4	4	4	4	4	4	4	4	4	4	4	4	4	4	4	4	4	4	4	4	4	95	95	95	95	95	95	95	95	4	4	4	4	4	4	4	4	4	4	4	4	4	4	4	4	95	95	95	95	95	95	95	95	4	4	4	4	4	4	4	4	4	4	4	4	4	4	4	4	4	4	4	4	4	1	1	1	1	1
4	4	4	4	4	4	4	4	4	4	4	4	4	4	4	4	4	4	4	4	4	4	4	4	4	4	4	4	4	4	4	4	4	4	4	4	4	4	4	4	4	4	4	4	4	4	4	4	4	4	4	4	4	4	4	4	4	4	4	4	4	4	4	4	4	4	4	4	4	4	4	4	4	4	4	4	4	4	4	4	4	4	4	4	4	4	4	4	4	4	4	4	4	4	4	4	4	4	4	4	4	4	4	4	4	4	4	4	4	4	4	4	4	4	4	4	4	4	4	4	4	4	4	95	95	95	95	95	95	95	95	4	4	4	4	4	4	4	4	4	4	4	4	4	95	95	95	95	95	95	95	95	95	95	95	4	4	4	4	4	4	4	4	4	4	4	4	4	4	4	4	4	4	4	4	4	1	1	1	1	1
4	4	4	4	4	4	4	4	4	4	4	4	4	4	4	4	4	4	4	4	4	4	4	4	4	4	4	4	4	4	4	4	4	4	4	4	4	4	4	4	4	4	4	4	4	4	4	4	4	4	4	4	4	4	4	4	4	4	4	4	4	4	4	4	4	4	4	4	4	4	4	4	4	4	4	4	4	4	4	4	4	4	4	4	4	4	4	4	4	4	4	4	4	4	4	4	4	4	4	4	4	4	4	4	4	4	4	4	4	4	4	4	4	4	4	4	4	4	4	4	4	4	4	95	95	95	95	95	95	95	95	4	4	4	4	4	4	4	4	4	4	4	4	95	95	95	95	95	95	95	95	95	95	95	95	4	4	4	4	4	4	4	4	4	4	4	4	4	4	4	4	4	4	4	4	4	1	1	1	1	1
4	4	4	4	4	4	4	4	4	4	4	4	4	4	4	4	4	4	4	4	4	4	4	4	4	4	4	4	4	4	4	4	4	4	4	4	4	4	4	4	4	4	4	4	4	4	4	4	4	4	4	4	4	4	4	4	4	4	4	4	4	4	4	4	4	4	4	4	4	4	4	4	4	4	4	4	4	4	4	4	4	4	4	4	4	4	4	4	4	4	4	4	4	4	4	4	4	4	4	4	4	4	4	4	4	4	4	4	4	4	4	4	4	4	4	4	4	4	4	4	4	4	4	95	95	95	95	95	95	95	95	4	4	4	4	4	4	4	4	4	4	4	95	95	95	95	95	95	95	95	95	95	95	95	95	4	4	4	4	4	4	4	4	4	4	4	4	4	4	4	4	4	4	4	4	4	1	1	1	1	1
4	4	4	4	4	4	4	4	4	4	4	4	4	4	4	4	4	4	4	4	4	4	4	4	4	4	4	4	4	4	4	4	4	4	4	4	4	4	4	4	4	4	4	4	4	4	4	4	4	4	4	4	4	4	4	4	4	4	4	4	4	4	4	4	4	4	4	4	4	4	4	4	4	4	4	4	4	4	4	4	4	4	4	4	4	4	4	4	4	4	4	4	4	4	4	4	4	4	4	4	4	4	4	4	4	4	4	4	4	4	4	4	4	4	4	4	4	4	4	4	4	4	4	95	95	95	95	95	95	95	95	4	4	4	4	4	4	4	4	4	4	95	95	95	95	95	95	95	95	95	95	95	95	95	95	4	4	4	4	4	4	4	4	4	4	4	4	4	4	4	4	4	4	4	4	4	1	1	1	1	1
4	4	4	4	4	4	4	4	4	4	4	4	4	4	4	4	4	4	4	4	4	4	4	4	4	4	4	4	4	4	4	4	4	4	4	4	4	4	4	4	4	4	4	4	4	4	4	4	4	4	4	4	4	4	4	4	4	4	4	4	4	4	4	4	4	4	4	4	4	4	4	4	4	4	4	4	4	4	4	4	4	4	4	4	4	4	4	4	4	4	4	4	4	4	4	4	4	4	4	4	4	4	4	4	4	4	4	4	4	4	4	4	4	4	4	4	4	4	4	4	4	4	4	95	95	95	95	95	95	95	95	4	4	4	4	4	4	4	4	4	95	95	95	95	95	95	95	95	95	95	95	95	95	95	95	4	4	4	4	4	4	4	4	4	4	4	4	4	4	4	4	4	4	4	4	4	1	1	1	1	1
4	4	4	4	4	4	4	4	4	4	4	4	4	4	4	4	4	4	4	4	4	4	4	4	4	4	4	4	4	4	4	4	4	4	4	4	4	4	4	4	4	4	4	4	4	4	4	4	4	4	4	4	4	4	4	4	4	4	4	4	4	4	4	4	4	4	4	4	4	4	4	4	4	4	4	4	4	4	4	4	4	4	4	4	4	4	4	4	4	4	4	4	4	4	4	4	4	4	4	4	4	4	4	4	4	4	4	4	4	4	4	4	4	4	4	4	4	4	4	4	4	4	4	95	95	95	95	95	95	95	95	4	4	4	4	4	4	4	4	95	95	95	95	95	95	95	95	95	95	95	95	95	95	95	95	4	4	4	4	4	4	4	4	4	4	4	4	4	4	4	4	4	4	4	4	4	1	1	1	1	1
4	4	4	4	4	4	4	4	4	4	4	4	4	4	4	4	4	4	4	4	4	4	4	4	4	4	4	4	4	4	4	4	4	4	4	4	4	4	4	4	4	4	4	4	4	4	4	4	4	4	4	4	4	4	4	4	4	4	4	4	4	4	4	4	4	4	4	4	4	4	4	4	4	4	4	4	4	4	4	4	4	4	4	4	4	4	4	4	4	4	4	4	4	4	4	4	4	4	4	4	4	4	4	4	4	4	4	4	4	4	4	4	4	4	4	4	4	4	4	4	4	4	4	95	95	95	95	95	95	95	95	95	95	95	95	95	95	95	95	95	95	95	95	95	95	95	95	95	95	95	95	95	95	95	95	4	4	4	4	4	4	4	4	4	4	4	4	4	4	4	4	4	4	4	4	4	1	1	1	1	1
4	4	4	4	4	4	4	4	4	4	4	4	4	4	4	4	4	4	4	4	4	4	4	4	4	4	4	4	4	4	4	4	4	4	4	4	4	4	4	4	4	4	4	4	4	4	4	4	4	4	4	4	4	4	4	4	4	4	4	4	4	4	4	4	4	4	4	4	4	4	4	4	4	4	4	4	4	4	4	4	4	4	4	4	4	4	4	4	4	4	4	4	4	4	4	4	4	4	4	4	4	4	4	4	4	4	4	4	4	4	4	4	4	4	4	4	4	4	4	4	4	4	4	95	95	95	95	95	95	95	95	95	95	95	95	95	95	95	95	95	95	95	95	95	95	95	95	95	95	95	95	95	95	95	95	4	4	4	4	4	4	4	4	4	4	4	4	4	4	4	4	4	4	4	4	4	1	1	1	1	1
4	4	4	4	4	4	4	4	4	4	4	4	4	4	4	4	4	4	4	4	4	4	4	4	4	4	4	4	4	4	4	4	4	4	4	4	4	4	4	4	4	4	4	4	4	4	4	4	4	4	4	4	4	4	4	4	4	4	4	4	4	4	4	4	4	4	4	4	4	4	4	4	4	4	4	4	4	4	4	4	4	4	4	4	4	4	4	4	4	4	4	4	4	4	4	4	4	4	4	4	4	4	4	4	4	4	4	4	4	4	4	4	4	4	4	4	4	4	4	4	4	4	4	95	95	95	95	95	95	95	95	95	95	95	95	95	95	95	95	95	95	95	95	95	95	95	95	95	95	95	95	95	95	95	95	4	4	4	4	4	4	4	4	4	4	4	4	4	4	4	4	4	4	4	4	4	1	1	1	1	1
4	4	4	4	4	4	4	4	4	4	4	4	4	4	4	4	4	4	4	4	4	4	4	4	4	4	4	4	4	4	4	4	4	4	4	4	4	4	4	4	4	4	4	4	4	4	4	4	4	4	4	4	4	4	4	4	4	4	4	4	4	4	4	4	4	4	4	4	4	4	4	4	4	4	4	4	4	4	4	4	4	4	4	4	4	4	4	4	4	4	4	4	4	4	4	4	4	4	4	4	4	4	4	4	4	4	4	4	4	4	4	4	4	4	4	4	4	4	4	4	4	4	4	95	95	95	95	95	95	95	95	95	95	95	95	95	95	95	95	95	95	95	95	95	95	95	95	95	95	95	95	95	95	95	95	4	4	4	4	4	4	4	4	4	4	4	4	4	4	4	4	4	4	4	4	4	1	1	1	1	1
4	4	4	4	4	4	4	4	4	4	4	4	4	4	4	4	4	4	4	4	4	4	4	4	4	4	4	4	4	4	4	4	4	4	4	4	4	4	4	4	4	4	4	4	4	4	4	4	4	4	4	4	4	4	4	4	4	4	4	4	4	4	4	4	4	4	4	4	4	4	4	4	4	4	4	4	4	4	4	4	4	4	4	4	4	4	4	4	4	4	4	4	4	4	4	4	4	4	4	4	4	4	4	4	4	4	4	4	4	4	4	4	4	4	4	4	4	4	4	4	4	4	4	95	95	95	95	95	95	95	95	95	95	95	95	95	95	95	95	95	95	95	95	95	95	95	95	95	95	95	95	95	95	95	95	4	4	4	4	4	4	4	4	4	4	4	4	4	4	4	4	4	4	4	4	4	1	1	1	1	1
4	4	4	4	4	4	4	4	4	4	4	4	4	4	4	4	4	4	4	4	4	4	4	4	4	4	4	4	4	4	4	4	4	4	4	4	4	4	4	4	4	4	4	4	4	4	4	4	4	4	4	4	4	4	4	4	4	4	4	4	4	4	4	4	4	4	4	4	4	4	4	4	4	4	4	4	4	4	4	4	4	4	4	4	4	4	4	4	4	4	4	4	4	4	4	4	4	4	4	4	4	4	4	4	4	4	4	4	4	4	4	4	4	4	4	4	4	4	4	4	4	4	4	95	95	95	95	95	95	95	95	95	95	95	95	95	95	95	95	95	95	95	95	95	95	95	95	95	95	95	95	95	95	95	95	4	4	4	4	4	4	4	4	4	4	4	4	4	4	4	4	4	4	4	4	4	1	1	1	1	1
4	4	4	4	4	4	4	4	4	4	4	4	4	4	4	4	4	4	4	4	4	4	4	4	4	4	4	4	4	4	4	4	4	4	4	4	4	4	4	4	4	4	4	4	4	4	4	4	4	4	4	4	4	4	4	4	4	4	4	4	4	4	4	4	4	4	4	4	4	4	4	4	4	4	4	4	4	4	4	4	4	4	4	4	4	4	4	4	4	4	4	4	4	4	4	4	4	4	4	4	4	4	4	4	4	4	4	4	4	4	4	4	4	4	4	4	4	4	4	4	4	4	4	95	95	95	95	95	95	95	95	95	95	95	95	95	95	95	95	95	95	95	95	95	95	95	95	95	95	95	95	95	95	95	95	4	4	4	4	4	4	4	4	4	4	4	4	4	4	4	4	4	4	4	4	4	1	1	1	1	1
[MAP_INFOR]
187	328

[OBJECTS]
# BRICK
# --- platform (hint: I created the list using Excel!) ----
#Brick
1	1	1504	336	20	1	1	8	1	8	1	
2	1	1520	336	20	1	1	8	1	8	1	
3	1	1568	400	20	1	1	8	1	8	1	
4	1	1584	400	20	1	1	8	1	8	1	
5	1	1584	384	20	1	1	8	1	8	1	
6	1	1600	400	20	1	1	8	1	8	1	
7	1	1600	384	20	1	1	8	1	8	1	
8	1	1600	368	20	1	1	8	1	8	1	
9	1	1664	368	20	1	1	8	1	8	1	
10	1	1664	384	20	1	1	8	1	8	1	
11	1	1664	400	20	1	1	8	1	8	1	
12	1	1680	384	20	1	1	8	1	9	1	
13	1	1680	400	20	1	1	8	1	9	1	
14	1	1696	400	20	1	1	9	1	9	1	
15	1	2256	368	20	1	1	12	1	12	1	
16	1	2272	368	20	1	1	12	1	12	1	
17	1	2256	304	20	1	1	12	0	12	0	
18	1	2272	304	20	1	1	12	0	12	0	
# Weak Brick
#objtype x	y	ani_set	aMX	aMY	typeItem (Default 0,Mushroom 1, P_Switch 2, COIN 3)
1	9	1440	128	22	1	1	1	7	0	7	0	
2	9	1952	400	22	1	1	0	10	1	10	1	
3	9	1968	400	22	1	1	0	10	1	10	1	
4	9	1968	384	22	1	1	0	10	1	10	1	
5	9	1984	400	22	1	1	0	10	1	10	1	
6	9	1984	384	22	1	1	0	10	1	10	1	
7	9	1984	368	22	1	1	0	10	1	10	1	
8	9	2000	400	22	1	1	0	10	1	10	1	
9	9	2000	384	22	1	1	0	10	1	10	1	
10	9	2000	368	22	1	1	0	10	1	10	1	
11	9	2016	400	22	1	1	0	10	1	10	1	
12	9	2016	384	22	1	1	0	10	1	10	1	
13	9	2016	368	22	1	1	0	10	1	10	1	
14	9	2032	400	22	1	1	0	10	1	10	1	
15	9	2032	384	22	1	1	0	10	1	10	1	
16	9	2032	368	22	1	1	2	10	1	10	1	
17	9	2048	400	22	1	1	0	10	1	11	1	
18	9	2096	400	22	1	1	0	11	1	11	1	
19	9	2096	384	22	1	1	0	11	1	11	1	
20	9	2112	400	22	1	1	0	11	1	11	1	
#9	2260	50	22	1	1	3
# Question Brick
#objtype x	y	ani_set	aMX	aMY	typeItem (0 coin, 1 la item khac)
1	8	176	352	21	1	1	0	0	1	1	1	
2	8	192	352	21	1	1	0	1	1	1	1	
3	8	224	304	21	1	1	0	1	0	1	0	
4	8	240	304	21	1	1	1	1	0	1	0	
5	8	416	320	21	1	1	0	2	0	2	1	
6	8	656	384	21	1	1	1	3	1	3	1	
7	8	704	352	21	1	1	0	3	1	3	1	
8	8	1472	368	21	1	1	0	7	1	7	1	
# Cloud Brick
1	10	1407	191	20	4	1	7	0	7	0	
2	10	1487	175	20	13	1	7	0	9	0	
# Ground
1	5	0	416	22	39	1	0	1	3	1	
2	5	624	400	22	29	1	3	1	5	1	
3	5	1152	416	22	22	1	6	1	8	1	
4	5	1536	416	22	5	1	8	1	8	1	
5	5	1664	416	22	36	1	8	1	11	1	
6	5	2256	416	22	38	1	12	1	15	1	
7	5	-16	384	22	1	10	0	1	0	1	
8	5	352	368	22	2	3	1	1	2	1	
9	5	1505	336	22	2	1	8	1	8	1	
10	5	1569	400	22	1	1	8	1	8	1	
11	5	1585	384	22	1	2	8	1	8	1	
12	5	1601	368	22	1	3	8	1	8	1	
13	5	1665	368	22	1	3	8	1	8	1	
14	5	1681	384	22	1	2	8	1	9	1	
15	5	1697	400	22	1	1	9	1	9	1	
16	5 	1793	384	22	2	2	9	1	9	1	
17	5	1857	368	22	2	3	9	1	10	1	
18	5	2256	368	22	2	3	12	1	12	1	
19	5	2320	384	22	2	2	12	1	12	1	
20	5	1968	464	22	8	12	10	1	11	2	
21	5	2096	624	22	8	2	11	1	11	2	
22	5	2224	608	22	1	3	11	1	11	2	
23	5	2240	593	22	1	4	11	1	12	2	
24	5	2256	576	22	1	5	12	1	12	2	
25	5	2272	560	22	1	6	12	1	12	2	
26	5	2288	544	22	1	7	12	1	12	2	
27	5	2304	528	22	3	8	12	1	12	2	
28	5	2352	464	22	8	12	12	1	13	2	
29	5	2128	464	22	12	1	11	1	12	1	
# ColorBox
1	6	240	368	20	3	3	1	1	1	1	
2	6	270	336	20	3	5	1	1	1	1	
3	6	400	368	20	5	3	2	1	2	1	
4	6	464	336	20	4	5	2	1	2	1	
5	6	512	304	20	4	7	2	0	3	1	
6	6	512	384	20	6	2	2	1	3	1	
7	6	1264	384	20	7	2	6	1	7	1	
8	6	1312	144	20	4	2	7	0	7	0	
9	6	1296	352	20	7	4	6	1	7	1	
10	6	1328	320	20	7	6	7	0	7	1	
11	6	2144	368	20	3	3	11	1	11	1	
12	6	2176	272	20	3	9	11	0	11	1	
# Green Pipe
#type	x	y	ani_set	numX	numY	Special	Where(1Main/0Hide)	Hut/Day(1 hut/ 0day)	Height
#7	352	368	23	2	3	0	0	0	1
#7	1792	384	23	2	2	0	0	0	0
#7	1856	368	23	2	3	0	0	0	1
#
#7	2096	464	23	2	2	2	0	0	3
#
#7	2256	384	23	2	2	0	0	0	4
#
#7	2256	112	23	2	12	1	1	1	2
#
#7	2320	384	23	2	2	1	1	0	0
#
#7	2320	464	23	2	2	2	0	1	3
#Enemy
#GOOMBA
#type 	x	y	ani_set	id_obj	type	level (0VANG, 1 DO. 1HAVEWING)
1	2	224	390	3	1.25	1.5	0	0	1	1	1	1	
2	2	528	390	3	1.25	1.5	0	0	2	1	2	1	
3	2	832	368	3	1.25	1.5	0	0	4	1	4	1	
4	2	880	368	3	1.25	1.5	0	0	4	1	4	1	
5	2	944	368	3	1.25	1.5	1	1	5	1	5	1	
# KOOPAS
#type x y	id	type_detail	level
#color Red(0), Green(1) -> Type Having(2), Default(1), Shell(0)
1	3	576	300	4	1	1.625	0	1	3	0	3	0	
2	3	1329	288	4	1	1.625	1	2	7	0	7	0	
3	3	1375	288	4	1	1.625	1	2	7	0	7	0	
4	3	1425	288	4	1	1.625	1	2	7	0	7	0	
5	3	1471	388	4	1	1.625	1	1	7	1	7	1	
6	3	2112	340	4	1	1.625	0	1	11	1	11	1	
7	3	16	300	4	1	1.625	0	1	0	0	0	0	
#Flower
1	4	360	368	6	1	2.0625	1	1	1	2	1	
2	4	1800	384	6	1	1.5625	2	9	1	9	1	
3	4	1864	368	6	1	1.5625	0	9	1	10	1	
# COIN
1	11	1073	320	5	1	1	12	5	0	5	1	
2	11	1105	288	5	1	1	12	5	0	5	0	
3	11	1137	256	5	1	1	12	6	0	6	0	
4	11	1169	224	5	1	1	12	6	0	6	0	
5	11	1201	192	5	1	1	12	6	0	6	0	
6	11	1329	80	5	1	1	12	7	0	7	0	
7	11	1345	80	5	1	1	12	7	0	7	0	
8	11	1361	80	5	1	1	12	7	0	7	0	
9	11	1473	112	5	1	1	12	7	0	7	0	
10	11	1489	112	5	1	1	12	7	0	8	0	
11	11	1537	128	5	1	1	12	8	0	8	0	
12	11	1553	128	5	1	1	12	8	0	8	0	
13	11	1569	128	5	1	1	12	8	0	8	0	
14	11	1585	128	5	1	1	12	8	0	8	0	
15	11	1617	112	5	1	1	12	8	0	8	0	
16	11	1633	112	5	1	1	12	8	0	8	0	
17	11	1649	112	5	1	1	12	8	0	8	0	
18	11	1665	112	5	1	1	12	8	0	8	0	
19	11	1697	144	5	1	1	12	9	0	9	0	
20	11	1729	112	5	1	1	12	9	0	9	0	
21	11	1761	128	5	1	1	12	9	0	9	0	
22	11	1809	96	5	1	1	12	9	0	9	0	
23	11	1841	128	5	1	1	12	9	0	9	0	
# hidden area
1	11	2177	504	5	1	1	12	11	1	11	1	
2	11	2193	488	5	1	1	12	11	1	11	1	
3	11	2209	488	5	1	1	12	11	1	11	1	
4	11	2225	504	5	1	1	12	11	1	11	1	
5	11	2225	520	5	1	1	12	11	1	11	1	
6	11	2193	536	5	1	1	12	11	1	11	1	
7	11	2209	536	5	1	1	12	11	1	11	1	
8	11	2225	552	5	1	1	12	11	1	11	1	
9	11	2225	568	5	1	1	12	11	1	11	1	
10	11	2209	584	5	1	1	12	11	1	11	1	
11	11	2193	584	5	1	1	12	11	1	11	1	
12	11	2177	568	5	1	1	12	11	1	11	1	
#16	2098	350	5	1	1	12