#TEXTURE
# id	file_path	transparent_color_r	g	b
[TEXTURES]
0	textures\mario1.png	255	255	255
10	textures\mario_01.png	255	255	255
20	textures\misc.png	166	185	255
21	textures\misc2.png	0	117	255
50	textures\enemies.png	3	26	110
30	textures\enemies-2.png	0	128	128
40	textures\special.png	255	255	255
42	textures\fireball_right.png	0	255	255
43	textures\fireball_left.png	0	255	255
44	textures\enemies-5.png	0	255	255
46	textures\enemies-5_1.png	0	255	255
60	textures\enemiesvip.png	255	255	255
70	textures\effects.png	176	224	248
80	textures\special3.png	255	255	255
90	textures\other.png	69	145	190
100	textures\statusbar.png	255	0	255
101	textures\HUD.png	81	255	191
999	textures\special2.png	255	255	255
998	textures\DarkScreen.png	237	28	36
997	textures\title.png	255	255	255
# id	left	top	right	bottom	texture_id
#===========================================================================================================SPRITE
[SPRITES]
#HUD
# FRAME BOARD
700	3	3	155	31	100

#NUMBER SPRITES
701	33	32	41	39	100
702	44	32	52	39	100
745	53	32	61	39	100
703	63	32	71	39	100
704	73	32	81	39	100
705	83	32	91	39	100
706	93	32	101	39	100
707	103	32	111	39	100
708	113	32	121	39	100
709	123	32	131	39	100

# LETTER Sprites (ALPHABET)
710	133	32	141	39	100
711	143	32	151	39	100
712	33	42	41	50	100
713	43	42	51	50	100
714	53	42	61	50	100
715	63	42	71	50	100
716	73	42	81	50	100
717	83	42	91	50	100
718	94	42	98	50	100
719	103	42	111	50	100
720	113	42	121	50	100
721	123	42	131	50	100
722	133	42	141	50	100
723	143	42	151	50	100
724	33	52	41	60	100
725	43	52	51	60	100
726	53	52	61	60	100
727	63	52	71	60	100
728	73	52	81	60	100
729	83	52	91	60	100
730	93	52	101	60	100
731	103	52	111	60	100
732	113	52	121	60	100
733	123	52	131	60	100
734	133	52	141	60	100
735	143	52	151	60	100


# SPEED CARRET RIGHT <|
740	3	33	11	40	100

# MAXX SPEED P
741 	12	33	27	40	100
742	100	162	115	169	101

# M
743	8	43	24	50	100
# L
744	8	51	24	58	100



#MARIO
#---------------------------------------------------------PLAYER-------------------------------------------
# MARIO DIE
999999	375	209	391	224	0
#mario small down up pipe
999998	5	129	31	145	0
999997	5	283	31	310	0
999996	25	483	51	511	0
999995	5	723	31	750	0
#MARIOSMALL
999994	16	9	30	25	0
999993	16	49	30	65	0
#ani_sets level	stt(3 so) nx
#******************************************MARIO SMALL (done)
#+++++++++++++++++++++++++++++++RIGHT
#idle right
100001	205	74	229	104	0
#walking right
100011	246	75	271	105	0
100021	245	155	271	185	0
#stop right
100031	204	115	230	145	0
#fly right
100041	325	75	351	105	0
#running right
100051	205	155	231	185	0
100061	245	155	271	185	0
# flying when running right
100071	205	209	231	225	0
#kick Koopas right
100081	245	115	271	145	0
#hold Shell Koopas idle	right
100091	325	155	350	185	0
#hold Shell Koopas walk right (left -2)
100101	366	155	391	185	0
#+++++++++++++++++++++++++++++++LEFT
#idle left
100000	167	74	189	104	0
#walking left
100010	126	75	150	105	0
100020	127	155	151	185	0
#stop left
100030	168	115	190	145	0
#fly left
100040	46	75	71	105	0
#running left
100050	167	155	191	185	0
100060	127	155	151	185	0
# flying when running left
100070	165	209	191	225	0
#kick Koopas left
100080	127	115	151	145	0
#hold Shell Koopas idle left
100090	45	155	70	185	0
#hold Shell Koopas walk left
100100	4	155	30	185	0

#******************************************MARIO BIG (done)
#+++++++++++++++++++++++++++++++RIGHT
#idle right
110001	205	240	230	270	0
#walking right
110011	245	240	271	270	0
110021	285	241	311	271	0
#stop right
110031	165	281	191	311	0
#fly right
110041	325	240	351	270	0
#running right
110051	206	320	232	350	0
110061	246	320	272	350	0
110071	286	321	312	351	0
# flying when running right
110081	326	361	352	390	0
#kick Koopas right
110091	243	280	273	310	0
#sitting right
110101	365	236	390	266	0
#hold Shell Koopas idle right (left-3)
110111	319	320	345	350	0
#hold Shell Koopas walk	right (left -2)
110121	345	320	371	350	0
110131	50	1	76	30	90

#+++++++++++++++++++++++++++++++LEFT
#idle left
110000	167	240	190	270	0
#walking left
110010	126	240	151	270	0
110020	86	241	111	271	0
#stop left
110030	205	281	231	311	0
#fly left
110040	46	240	71	270	0
#running left
110050	164	320	193	350	0
110060	124	320	153	350	0
110070	84	321	113	351	0
# flying when running left 
110080	44	361	73	390	0
#kick Koopas left
110090	129	280	154	310	0
#sitting left
110100	7	236	30	266	0
#hold Shell Koopas idle left
110110	52	320	75	350	0
#hold Shell Koopas walk	left (not Fixed)
110120	26	320	50	350	0
110130	12	1	37	30	90

#******************************************MARIO BIG TAIL (done)
#+++++++++++++++++++++++++++++++RIGHT
#idle right
120001	208	441	233	471	0
#walking right
120011	259	441	284	471	0
120021	289	441	314	471	0
#stop right
120031	168	482	191	512	0
#fly right
120041	329	440	354	470	0
#running right
120051	209	521	235	551	0
120061	249	521	275	551	0
120071	289	521	315	551	0
# flying when running right
120081	291	601	315	631	0
#kick Koopas right
120091	239	481	269	511	0
#sitting right
120101	369	436	394	466	0
#attack onground right
120111	234	441	259	471	0
120121	346	481	371	511	0
120131	6	2	38	32	999
120141	381	481	406	511	0
#falling right
120151	209	601	234	631	0
#falling down slownly right (tail down)
120161	249	601	274	631	0
#falling down slownly right (tail up)
120171	331	601	355	631	0
#flying up slownly right (tail middle)
120181	371	601	395	631	0
#hold Shell Koopas idle right (left -4)
120191	320	521	343	551	0
#hold Shell Koopas walk right (left -2)
120201	350	521	373	551	0
120211	381	521	404	551	0


#+++++++++++++++++++++++++++++++LEFT
#idle left
120000	6	1	36	31	80
#walking left (notFix)
120010	12	77	43	107	90
120020	84	441	116	471	0
#stop left
120030	208	482	231	512	0
#fly left
120040	44	440	75	470	0
#running left
120050	162	521	195	551	0
120060	122	521	155	551	0
120070	51	79	84	108	90
# flying when running left
120080	84	603	115	631	0
#kick Koopas left
120090	133	481	159	511	0
#sitting left
120100	3	436	34	466	0
#attack onground left
120110	6	2	38	32	999
120120	346	481	371	511	0
120130	234	441	259	471	0
120140	381	481	406	511	0
#falling left
120150	164	601	195	631	0
#falling down slownly left (tail down)
120160	124	601	154	631	0
#falling down slownly left (tail up)
120170	44	601	75	631	0
#flying up slownly left	(tail middle)
120180	4	601	35	631	0
#hold Shell Koopas idle left (left -7)
120190	56	521	84	551	0
#hold Shell Koopas walk left
120200	26	521	55	551	0
120210	90	1	120	30	90

#******************************************MARIO BIG FIRE
#+++++++++++++++++++++++++++++++RIGHT
#idle right
130001	205	680	230	710	0
#walking right
130011	245	680	271	710	0
130021	285	681	311	711	0
#stop right
130031	165	721	191	751	0
#fly right
130041	325	681	351	711	0
#running right
130051	206	760	232	790	0
130061	246	760	272	790	0
130071	286	761	312	791	0
# flying when running right
130081	326	801	352	830	0
#kick Koopas right
130091	243	721	273	751	0
#sitting right
130101	365	676	390	706	0
#attack onground right
130111	355	800	380	830	0
#attack onair right
130121	245	800	272	830	0
#hold Shell Koopas idle right (left -3)
130131	319	760	345	790	0
#hold Shell Koopas walk right
130141	345	760	371	790	0
130151	50	36	76	65	90
#+++++++++++++++++++++++++++++++LEFT
#idle left
130000	167	680	190	710	0
#walking left
130010	126	680	151	710	0
130020	86	681	111	711	0
#stop left
130030	205	721	231	751	0
#fly left
130040	46	681	71	711	0
#running left
130050	164	760	193	790	0
130060	124	760	153	790	0
130070	84	761	113	791	0
# flying when running left #
130080	45	804	73	830	0
#kick Koopas left
130090	129	721	154	751	0
#sitting left
130100	7	676	30	706	0
#attack onground left
130110	88	35	111	65	90
#attack onair left
130120	125	800	153	830	0
#hold Shell Koopas idle left
130130	52	760	75	790	0
#hold Shell Koopas walk left
130140	26	760	50	790	0
130150	1	761	26	791	0
#MISC

#-----------------------------------------------MISC--------------------------------------------------------
#id_set(20)	stt(xx)	(state)
#**********************************************BRICK DEFAULT
20001	254	188	270	204	20
20011	274	188	290	204	20
20021	309	144	325	160	20

#**********************************************QUESTION BRICK
#id_set(21) + stt + state(1live)
#Question brick available
21001	157	188	173	204	20
21011	176	188	192	204	20
21021	196	188	212	204	20
21031	215	188	231	204	20
#Question brick unnavailable (0die)
21040	235	188	251	204	20


#**********************************************WEAK BRICK
22001	274	188	290	204	20
22002	293	188	309	204	20
22003	312	188	328	204	20
22004	331	188	347	204	20

#**********************************************PIPE
# short pipe
23000	201	415	233	447	21
# medium pipe
23010	5	28	37	76	21
# long pipe
23020	472	157	504	365	21
# hidden pipe
23030	433	223	465	255	21
# short pipe pair with long one
23040	433	157	465	205	21

#********************************************MOVING WOOD
24000	352	167	400	183	20
#ITEM
#=========COIN===================
5001	334	100	348	116	20
5002	290	100	308	116	20
5003	354	100	371	116	20
5004	370	100	386	116	20
5005	294	101	302	115	20
5006	319	101	327	115	20
5007	308	101	316	115	20
#=========MUSHROOM RED=====================
5008	156	121	172	137	20
#=====LEAF TREE===================
5009	180	123	196	137	20
5010	376	145	392	159	20
#FIRE FLOWER
5011	309	121	325	137	20
#=====P_SWITCH====================
5012	178	144	194	160	20
5013	156	144	172	160	20
# pressed already
5014	200	144	216	160	20
# star
5015	201	121	217	137	20
#=========MUSHROOM GREEN=====================
5016	286	121	302	137	20
#ENEMY
#-----------------------------------------------ENEMY SPRITES--------------------------------------------------------
#=======================================================================================Goomba sprite
#ani_sets type level stt(2 so)
#-------------------------------------------------Goomba yellow (type = 0)
#level có cánh
#flying (top - 5)
30100	113	0	133	24	60
30101	163	0	183	24	60
30102	212	0	232	24	60
30103	263	0	283	24	60
#level ko cánh
#moving (top - 8) (left - 2) (right + 2)
30000	63	0	83	24	60
30001	12	0	32	24	60
#die (top - 15) (left - 2) (right + 2)
30002	312	0	332	24	60
#die ngược (top - 15) (left - 2) (right + 2)
30003	230	1	250	32	90
#ani_sets type level stt(2 so)
#-------------------------------------------------Goomba red (type = 1)
#level có cánh (1)
#flying (top - 5) (left - 2) (right + 2)
31100	111	50	135	74	60
31101	161	50	185	74	60
31102	211	47	235	71	60
31103	261	47	285	71	60
#level ko cánh (0)
#moving (top - 8) (left - 2) (right + 2)
31000	13	46	33	70	60
31001	63	46	83	70	60
#die	(top - 15) (left - 2) (right + 2)
31002	313	35	333	66	60
#die ngược (top - 15) (left - 2) (right + 2)
31003	230	36	250	67	90

#=======================================================================================Koopas sprite
#RED type 0, GREEN type 1
#-----------------------------------------------------------------------------------KOOPAS RED
#ani_set	type 	level	stt(2x)	nx 
#----------------------------------------------------Koopas RED HAVE WING (level 2)
#flying left
402000	165	248	181	275	60
402010	125	248	141	276	60
402020	85	249	101	275	60
402030	45	248	61	275	60
#flying right
402001	215	248	231	275	60
402011	255	248	271	276	60
402021	295	249	311	275	60
402031	335	248	351	275	60
#----------------------------------------------------Koopas RED (level 1)
#walk left
401000	165	198	181	225	60
401010	125	198	141	225	60
#walk right
401001	215	198	231	225	60
401011	255	198	271	225	60
#----------------------------------------------------Koopas RED SHELL (level 0)
#ani_id type level stt(2x)
#shell idle (top -11)
400009	50	193	66	220	60
#shell idle (overturned) (top -10)
400019	330	194	346	220	60
#shell move (top - 9)
400029	15	195	31	221	60
400039	15	220	31	246	60
400049	15	245	31	271	60
#shell move (overturned) (top - 9)
400059	365	195	381	221	60
400069	365	220	381	246	60
400079	365	245	381	271	60
#shell health (top -11)
400089	84	192	102	120	60
#shell health (overturned) (top -11)
400099	294	192	312	120	60

# KOOPAS lac mai co cai chan
400109	48	194	66	220	60
400119	84	194	106	220	60
# KOOPAS lac cai mai
400129	48	194	66	220	60
400139	50	194	68	220	60

# KOOPAS overturned lac mai co cai chan
400149	296	193	312	220	60
400159	327	193	346	220	60
# KOOPAS overturned lac mai
400169	327	193	346	220	60
400179	330	193	346	220	60


#-----------------------------------------------------------------------------------KOOPAS GREEN
#----------------------------------------------------Koopas GREEN HAVE WING (level 2)
#flying left
412000	165	148	181	175	60
412010	125	148	141	176	60
412020	85	149	101	175	60
412030	45	148	61	175	60
#flying right
412001	215	148	231	175	60
412011	255	148	271	176	60
412021	295	149	311	175	60
412031	335	148	351	175	60
#----------------------------------------------------Koopas GREEN (level 1)
#walk left
411000	165	98	181	125	60
411010	125	98	141	125	60
#walk right
411001	215	98	231	125	60
411011	255	98	271	125	60
#----------------------------------------------------Koopas GREEN SHELL (level 0)
#ani_id type level stt(2x)
#shell idle (top - 11)
410009	50	93	66	120	60
#shell idle (overturned) (top -11)
410019	330	94	346	120	60
#shell move (top - 9)
410029	15	95	31	120	60
410039	15	120	31	145	60
410049	15	145	31	170	60
#shell move (overturned) (top - 9)
410059	365	95	381	120	60
410069	365	120	381	145	60
410079	365	145	381	170	60
#shell health (top -11)
410089	84	92	102	120	60
#shell health (overturned) (top -11)
410099	294	92	312	120	60

# KOOPAS lac cai mai
410109	48	94	66	131	60
410119	50	94	68	131	60
# KOOPAS lac mai co cai chan
410129	82	93	102	119	60
410139	50	94	68	131	60

# KOOPAS overturned lac mai co cai chan
410149	296	93	312	131	60
410159	328	94	346	130	60
# KOOPAS overturned lac mai
410159	328	94	346	130	60
410169	330	94	346	130	60



#=======================================================================================Pipe flower sprite
#======================================================================Flower red
#Hoa xanh type = 0, hoa đỏ type = 1, hướng lên = 1, hướng xuống = 0
#ani_set	type 	ny	stt(2x)	nx 
# Đỏng mở hướng xuống, LEFT
610000	114	545	131	578	60
# Mở mỏ hướng xuống, LEFT
610010	14	545	31	578	60
# Đóng mỏ hướng lên, LEFT
611000	165	545	181	578	60
# Mở mỏ hướng lên, LEFT
611010	65	545	81	578	60

#Đỏng mở hướng xuống, RIGHT
610001	264	545	281	578	60
# Mở mỏ hướng xuống, RIGHT
610011	364	545	381	578	60
# Đóng mỏ hướng lên, RIGHT
611001	215	545	231	578	60
# Mở mỏ hướng lên, RIGHT
611011	315	545	331	578	60

#======================================================================Flower green
#Hoa xanh type = 0, hoa đỏ type = 1, hướng lên = 1, hướng xuống = 0
#ani_set	type 	ny	stt(2x)	nx 
# Đỏng mở hướng xuống, LEFT
600000	115	399	131	424	60
# Mở mỏ hướng xuống, LEFT
600010	15	399	31	424	60
# Đóng mỏ hướng lên, LEFT
601000	164	399	181	424	60
# Mở mỏ hướng lên, LEFT
601010	64	399	81	424	60

#Đỏng mở hướng xuống, RIGHT
600001	264	399	280	424	60
# Mở mỏ hướng xuống, RIGHT
600011	364	399	380	424	60
# Đóng mỏ hướng lên, RIGHT
601001	214	399	231	424	60
# Mở mỏ hướng lên, RIGHT
601011	314	399	331	424	60
# Đóng mỏ hướng lên, ăn thịt
601009	15	349	31	374	60
#Mở mỏ hướng lên, ăn thịt
601019	65	349	81	374	60
#=======================================================================================Fire bullet sprite
#bullet
7000	17	4	25	12	42
7001	4	19	12	27	42
7002	4	4	12	12	42
7003	18	19	26	27	43


#===========BOOMERANG BROTHER=============
2040	275	171	291	195	46
2041	251	171	267	195	46
#ready to fight
2042	228	171	244	195	46
2043	205	171	221	195	46
#============BOOMERANG WEAPON==============
2044	124	188	140	205	44
2045	145	186	161	202	44
2046	124	166	140	182	44
2047	144	166	160	182	44
# die right
2080	301	268	317	292	44


#EFFECT
#----MONEY_EFFECT
8000	11	223	22	231	70
8001	10	232	22	240	70
8002	10	241	22	249	70
8003	10	250	22	258	70
8004	24	223	39	231	70
8005	23	232	39	240	70
8006	23	241	39	249	70
8007	23	250	39	258	70
#----TAIL HIT EFFECT
# right pink
8008	72	67	88	83	70
# right white
8009	13	299	29	315	70
# left pink
8010	40	299	56	315	70
# left white
8011	68	299	84	315	70

#---FIREBALL EFFECT WHEN EXPLOSIVE
#effect bullet
8012	99	22	111	34	70

#---PIECEBRICK EFFECT
8013	27	120	35	128	70
8014	47	120	55	128	70

#---1Up Effect----
8015	149	174	170	188	70

#--AniText Effect
#-Mushroom
8016	3	331	19	347	70
8017	34	333	50	348	70
#-Star
8018	4	359	20	375	70
8019	34	359	50	375	70
#-Fire
8020	3	384	19	400	70
8021	34	386	50	400	70
#--||
8022	60	332	75	348	70

#========Select Arrow===================
2072	155	323	162	331	997


# ani_id	sprite1_id	time1	sprite2_id	time2	...
#===========================================================================================================ANIMATION
[ANIMATIONS]
#MARIO
# ==================================================== ANI MARIO ==============================================
#ani_set	level	stt_ani(2x)	nx	
#MARIODIE
99999	999999	100
99998	999998	100
99997	999997	100
99996	999996	100
99995	999995	100
#MARIOSMALL MAP
99994	999994	100	999993	100
#******************************************MARIO SMALL ANI
#idle right 00
10001	100001	100
#idle left
10000	100000	100
#walking right 01
10011	100001	100	100011	100	100021	100
#walking left
10010	100000	100	100010	100	100020	100
#stop right	02
10021	100031	100
#stop left
10020	100030	100
#fly right	03
10031	100041	100
#fly left
10030	100040	100
#running right	04
10041	100051	100	100061	100
#running left
10040	100050	100	100060	100
#fly when running right	05
10051	100071	100
#fly when running left
10050	100070	100
#kick Koopas right	06
10061	100081	100
#kick Koopas left
10060	100080	100
#hold Koopas idle right
10071	100091	100
#hold Koopas idle left
10070	100090	100
#hold Koopas walk right
10081	100091	100	100101	100
#hold Koopas walk left
10080	100090	100	100100	100
#hold Koopas onair right
10091	100101	100
#hold Koopas onair left
10090	100100	100
#******************************************MARIO BIG ANI
#idle right 00
11001	110001	100
#idle left
11000	110000	100
#walking right 01
11011	110001	100	110011	100	110021	100
#walking left	
11010	110000	100	110010	100	110020	100
#stop right	02
11021	110031	100
#stop left
11020	110030	100
#fly right	03
11031	110041	100
#fly left
11030	110040	100
#running right	04
11041	110051	100	110061	100	110071	100
#running left
11040	110050	100	110060	100	110070	100
#fly when running right	05
11051	110081	100
#fly when running left
11050	110080	100
#kick Koopas right	06
11061	110091	100
#kick Koopas left
11060	110090	100
#sitting right	07
11071	110101	100
#sitting left
11070	110100	100
#falling right 08
11081	110021	100
#falling left
11080	110020	100
#hold Koopas idle right
11091	110111	100
#hold Koopas idle left
11090	110110	100
#hold Koopas walk right
11101	110111	100	110121	100	110131	100
#hold Koopas walk left
11100	110110	100	110120	100	110130	100
#hold Koopas onair right
11111	110131	100
#hold Koopas onair left
11110	110130	100
#******************************************MARIO BIG TAIL ANI
#idle right 00
12001	120001	100
#idle left
12000	120000	100
#walking right 01
12011	120001	100	120011	100	120021	100
#walking left
12010	120000	100	120010	100	120020	100
#stop right	02
12021	120031	100
#stop left
12020	120030	100
#fly right	03
12031	120041	100
#fly left
12030	120040	100
#running right	04
12041	120051	100	120061	100	120071	100
#running left
12040	120050	100	120060	100	120070	100
#fly when running right	05
12051	120081	100
#fly when running left
12050	120080	100
#kick Koopas right	06
12061	120091	100
#kick Koopas left
12060	120090	100
#sitting right	07
12071	120101	100
#sitting left
12070	120100	100
#falling right 08
12081	120151	100
#falling left
12080	120150	100
#attack right 09
12091	120111	75	120121	75	120131	75	120141	75	120111	75
#attack left
12090	120110	75	120120	75	120130	75	120140	75	120110	75
# keep jump falling down slownly right	10
12101	120161	100	120021	100	120151	100
# keep jump falling down slownly left
12100	120160	100	120020	100	120150	100
# falling when running right 	11
12111	120171	100
#falling when running left 
12110	120170	100
# keep jump flying up slownly right	12
12121	120181	100	120171	100
#keep jump flying up slownly left
12120	120180	100	120170	100
#hold Koopas idle right
12131	120191	100
#hold Koopas idle left
12130	120190	100
#hold Koopas walk right
12141	120191	100	120201	100	120211	100
#hold Koopas walk left
12140	120190	100	120200	100	120210	100
#hold Koopas onair right
12151	120211	100
#hold Koopas onair left
12150	120210	100


#******************************************MARIO BIG FIRE ANI
#idle right 00
13001	130001	100
#idle left
13000	130000	100
#walking right 01
13011	130001	100	130011	100	130021	100
#walking left
13010	130000	100	130010	100	130020	100
#stop right	02
13021	130031	100
#stop left
13020	130030	100
#fly right	03
13031	130041	100
#fly left
13030	130040	100
#running right	04
13041	130051	100	130061	100	130071	100
#running left
13040	130050	100	130060	100	130070	100
#fly when running right	05
13051	130081	100
#fly when running left
13050	130080	100
#kick Koopas right	06
13061	130091	100
#kick Koopas left
13060	130090	100
#sitting right	07
13071	130101	100
#sitting left
13070	130100	100
#falling right 08
13081	130021	100
#falling left
13080	130020	100
#attack onground right 09
13091	130111	75
#attack onground left
13090	130110	75
#attack onair right 10
13101	130081	100	130121	100
#attack onair left 11
13110	130080	100	130120	100
#hold Koopas idle right
13121	130131	100
#hold Koopas idle left
13120	130130	100
#hold Koopas walk right
13131	130131	100	130141	100	130151	100
#hold Koopas walk left
13130	130130	100	130140	100	130150	100
#hold Koopas onair right
13141	130151	100
#hold Koopas onair left
13140	130150	100

#MISC
#-----------------------------------------------MISC---------------------------------------------

#+++++++++++++++++++++++++++++++++++++++++++++Brick defaul
2001	20001	100
2002	20011	100
2003	20021	100

#+++++++++++++++++++++++++++++++++++++++++++++Question brick ani
#id_set(21) + stt(2x)
2101	21001	75	21011	75	21021	75	21031	75
2102	21040	100

#+++++++++++++++++++++++++++++++++++++++++++++Weak Brick ani
2201	22001	100	22002	100	22003	100	22004	100

#+++++++++++++++++++++++++++++++++++++++++++++PIPE
# short pipe
2300	23000	100
# medium pipe
2301	23010	100
# long pipe
2302	23020	100
# hidden pipe
2303	23030	100
#brick on pipe
2304	23040	100

#++++++++++++++++++++++++++++++++++++++++++MOVING WOOD
2400	24000	100

#ITEM
#++++++++++++++++++++++++++++++++++++++++++++++++ITEM
#====COIN====
50	5001	100
#Coin move slow
51	5001	100	5002	100	5003	100	5004	100	5001	100
#Coin move fast
52	5005	300	5006	300	5007	300
#====MUSHROOM RED====
53	5008	100
#====LEAF TREE===
54	5009	100
55	5010	100
#===FIRE FLOWER
56	5011	100
#====P_SWITCH====
57	5012	450	5013	150
# pressed already
58	5014	100
#random item end Scence
59	5008	300	5015	300	5011	300
#===MUSHROOM GREEN===========
60	5016	100

#ENEMY
#-----------------------------------------------ENEMY ANIMATION--------------------------------------------------------
#=======================================================================================Goomba ani

#ani_set type level stt(1 số) nx 
#------------------------------------------------------Goomba yellow ani (type = 0)
#fly (level = 1)
30109	30100	100	30101	100	30102	100	30103	100
#moving
30119	30102	100	30103	100
# walk
30009	30000	100	30001	100
# die
30019	30002	100
# die by Weapon
30029	30003	100
#------------------------------------------------------Goomba red ani (type = 1)
#fly (level = 1)
31109	31100	100	31101	100	31102	100	31103	100
#moving
31119	31102	100	31103	100
# walk
31009	31000	100	31001	100
# die
31019	31002	100
# die by Weapon
31029	31003	100

#=======================================================================================Koopas ANI
#ani_set	type 	level	stt(1x)	nx 
#-----------------------------------------------------------------------------------KOOPAS RED
#----------------------------------------------------Koopas RED HAVE WING (level 2)
#flying left
40200	402000	100	402010	100	402020	100	402030	100
#flying right
40201	402001	100	402011	100	402021	100	402031	100
#----------------------------------------------------Koopas RED(level 1)
#walk left
40100	401000	100	401010	100
#walk right
40101	401001	100	401011	100
#Thay nx trong vỏ rùa thành stt(2x)
#----------------------------------------------------Koopas RED SHELL (level 0)
#idle
40000	400009	100
#idle overturned
40001	400019	100
#move
40002	400029	100	400039	100	400049	100
#move overturned
40003	400059	100	400069	100	400079	100
#health
40004	400089	100
#health overturned
40005	400099	100

# KOOPAS PRE REIVE 1
40006	400109	50	400119	50
# KOOPAS PRE REVIE 2
40007	400129	50	400139	50

# KOOPAS OVERTURNED PRE REIVE 1 lac mai
40008	400159	50	400179	50
# KOOPAS overturned SHELL HEALTH lac mai co cai chan
40009	400149	100	400159	100

#ani_set	type 	level	stt(1x)	nx 
#-----------------------------------------------------------------------------------KOOPAS GREEN
#----------------------------------------------------Koopas GREEN HAVE WING (level 2)
#flying left
41200	412000	100	412010	100	412020	100	412030	100
#flying right
41201	412001	100	412011	100	412021	100	412031	100
#----------------------------------------------------Koopas GREEN(level 1)
#walk left
41100	411000	100	411010	100
#walk right
41101	411001	100	411011	100
#Thay nx trong vỏ rùa thành stt(2x)
#----------------------------------------------------Koopas GREEN SHELL (level 0)
#idle
41000	410009	100
#idle overturned
41001	410019	100
#move
41002	410029	100	410039	100	410049	100
#move overturned
41003	410059	100	410069	100	410079	110
#health
41004	410089	100
#health overturned
41005	410099	100

# KOOPAS PRE REIVE 1 lac mai
41006	410109	50	410119	50
# KOOPAS PRE REVIE 2 lac mai khong co cai chan
41007	410129	50	410139	50

# KOOPAS OVERTURNED PRE REIVE 1 lac mai
41008	410159	50	410169	50
# KOOPAS overturned SHELL HEALTH lac mai co cai chan
41009	410159	100	410149	100


#=======================================================================================Flower ani
#======================================================================Flower red
#ani_set	type 	ny	stt(x)	nx 
#move right (ny = 0)
61001	610001	100	610011	100
#shoot right (ny = 0)
61011	610011	100
#move right (ny = 1)
61101	611001	100	611011	100
#shoot right (ny = 1)
61111	611011	100

#move left  (ny =0)
61000	610000	100	610010	100
#shoot left (ny = 0)
61010	610010	100
#move left  (ny =1)
61100	611000	100	611010	100
#shoot left (ny = 1)
61110	611010	100

#======================================================================Flower green
#ani_set	type 	ny	stt(x)	nx 
#move right (ny = 0)
60001	600001	100	600011	100
#shoot right (ny = 0)
60011	600011	100
#move right (ny = 1)
60101	601001	100	601011	100
#shoot right (ny = 1)
60111	601011	100

#move left  (ny =0)
60000	600000	100	600010	100
#shoot left (ny = 0)
60010	600010	100
#move left  (ny =1)
60100	601000	100	601010	100
#shoot left (ny = 1)
60110	601010	100
#move
60109	601009	100	601019	100

#BULLET
#=======================================================================================Bullet ani
#bullet
70	7000	80	7001	80	7002	80	7003	80


#=====BOOMERANG BROTHER===
#MOVING
781	2040	100	2041	100
#READY TO FIGHT
782	2042	100	2043	100
#=====BOOMERANG WEAPON====
783	2044	100	2045	100	2046	100	2047	100
784	2080	100

#EFFECT
#MONEY EFFECT
800	8000	100
801	8001	100
802	8002	100
803	8003	100
804	8004	100
805	8005	100
806	8006	100
807	8007	100
#TAIL HIT EFFECT
808	8008	10	8009	10	8010	10	8011	10	8009	10	8008	10	8009	10	8010	10	8011	10	8008	10
#FIREBALL EFFECT WHEN EXPLOSIVE
809	8012	100
#PIECE BRICK
810	8013	30	8014	30
#1UP EFFECT
811 	8015	100
#RANDOM EFFECT
#-MushRoom
812	8016	200	8017	200	8022	200
#-Star
813	8018	100	8019	100	8022	100
#-Fire
814	8020	20	8021	20	8022	20


#Select Arrow
815	2072	100

# BOARD GAME SPRITES===================================
# FRAME BOARDGAME
1000	700	100
# NUMBER
1000	700	100
1001	701	100
1002	702	100
1044	745	100
1003	703	100
1004	704	100
1005	705	100
1006	706	100
1007	707	100
1008	708	100
1009	709	100
1010	710	100
1011	711	100
1012	712	100
1013	713	100
1014	714	100
1015	715	100
1016	716	100
1017	717	100
1018	718	100
1019	719	100
1020	720	100
1021	721	100
1022	722	100
1023	723	100
1024	724	100
1025	725	100
1026	726	100
1027	727	100
1028	728	100
1029	729	100
1030	730	100
1031	731	100
1032	732	100
1033	733	100
1034	734	100
1035	735	100

1040	740	100
1041	741	40	742	40
1042	743	100
1043	744	100


#=================================================================================================================================ANIMATION_SETS
# id	ani1	ani2	ani3
#
[ANIMATION_SETS]
#INDEX	0	1		2		3		4		5		6		7		8		9		10		11		12		13		14		15		16		17		18		19		20		21		22		23		24		25		26		27		28		29		30		31		32		33		34		35		36		37		38		39		40		41		42		43		44		45		46		47		48		49		50		51		52		53	54	55	56	57	58	59	60	61	62	63	64	65	66	67	68	69	70	71	72	73	74	75	76	77	78	79	80(sm)	81	82	83	84(big)	85	86	87	88(tail)89	90	91	92(fire)93	94	95    96(hold onir)97	98	99	100	101	102	103	104	105	106	107	108	109
#MARIO
1	10001	10000	10011	10010	10021	10020	10031	10030	10041	10040	10051	10050	10061	10060	11001	11000	11011	11010	11021	11020	11031	11030	11041	11040	11051	11050	11061	11060	11071	11070	11081	11080	12001	12000	12011	12010	12021	12020	12031	12030	12041	12040	12051	12050	12061	12060	12071	12070	12081	12080	12091	12090	12101	12100	12111	12110	12121	12120	13001	13000	13011	13010	13021	13020	13031	13030	13041	13040	13051	13050	13061	13060	13071	13070	13081	13080	13091	13090	13101	13110	10071	10070	10081	10080	11091	11090	11101	11100	12131	12130	12141	12140	13121	13120	13131	13130	10091	10090	11111	11110	12151	12150	13141	13140	99999	99998	99997	99996	99995	99994
# BRICK 
20	2101	2002	2003
# QUESTION BRICK 
21	2101	2102
# WEAK BRICK
22	2201	2102
# PIPE
23	2300	2301	2302	2303	2304
# WOOD
24	2400
#BOOMERANG BROTHER
25	781	782	784
#BOOMERANG WEAPON
26	783
# GOOMBA   
#	0(fly)	1(move)	2(die)	3(diew)	4(red)	5		6		7		8		9
3	30109	30009	30019	30029	31109	31009	31019	31029	30119	31119
#KOOPAS
#	0(FLY)	1		2(WALK)	3		4(SHELL)5		6		7		8		9		10(FLY)	11		12(WALK)13		14(SHELL)15		16		17		18		19		//Lacmai20		21		22		23	24	25		26		27
4	40200	40201	40100	40101	40000	40001	40002	40003	40004	40005	41200	41201	41100	41101	41000	41001	41002	41003	41004	41005	41006	41007	41008	41009	40006	40007	40008	40009	
#ITEM
5	50	51	52	53	54	55	56	57	58	59	60
# FLOWER
6	61001	61011	61101	61111	61000	61010	61100	61110	60001	60011	60101	60111	60000	60010	60100	60110	60109

# BULLET
7	70
# EFFECT
#	0	1	2	3	4	5	6	7	8(taileffect)	9(fire)	10	11	12	13	14
8	800	801	802	803	804	805	806	807	808	809	810	811	812	813	814	815

#BOARDGAME
#		0	1		2		3		4		5		6		7		8		9		10		11		12		13		14		15		16		17		18		19		20		21		22		23		24		25		26		27		28		29		30		31		32		33		34		35		36		37		38		39		40		
9	1000	1001	1002	1044	1003	1004	1005	1006	1007	1008	1009	1010	1011	1012	1013	1014	1015	1016	1017	1018	1019	1020	1021	1022	1023	1024	1025	1026	1027	1028	1029	1030	1031	1032	1033	1034	1035	1040	1041	1042	1043

#===========================================================================================================OBJECTS
[OBJECTS]
# type	x	y	ani_set_id	extra_settings per object type
# type: 0 = Mario , 1 = Brick, 2 = Goomba, 3 = Koopas,4 = Flower, 5 = Ground, 6 = ColorBox, 7 = Pipe, 8 = QuestionBrick, 9 = WeakBreak, 10 = CloundBrick, 11 = Coin, 12 = Bullet

# MARIO
#0	2020	300	1
#0	2200	200	1
0	0	280	1
# MOVING WOOD
15	400	320	24	3	1

15	592	352	24	3	1
15	624	304	24	3	1
15	656	400	24	3	1

15	752	336	24	3	1
15	1088	384	24	3	1

15	1200	320	24	3	1

15	1376	352	24	3	1
15	1408	336	24	3	1

15	1552	304	24	3	1

15	1744	384	24	3	1

15	1776	336	24	3	1

15	1792	416	24	3	1

# Ground
5	0	352	22	10	1
5	1920	400	22	8	1
5	2032	240	22	1	11
5	2064	416	22	34	1
#Them 2 cuc
# Weak Brick
#objtype x	y	ani_set	aMX	aMY	typeItem (Default 0,Mushroom 1, P_Switch 2, COIN 3, LEAF 4)
9	224	352	22	1	1	0
9	240	352	22	1	1	0
9	256	352	22	1	1	0
9	272	352	22	1	1	0

9	384	336	22	1	1	0
9	400	336	22	1	1	0
9	416	336	22	1	1	0
9	432	336	22	1	1	0
9	448	336	22	1	1	0

9	608	288	22	1	1	0
9	624	288	22	1	1	0
9	640	288	22	1	1	1
9	656	288	22	1	1	0

9	640	368	22	1	1	0
9	656	368	22	1	1	0

9	752	320	22	1	1	0
9	752	336	22	1	1	0
9	752	352	22	1	1	0

9	752	368	22	1	1	0
9	768	368	22	1	1	0
9	784	368	22	1	1	0
9	800	368	22	1	1	0

9	864	336	22	1	1	0
9	864	352	22	1	1	0
9	864	368	22	1	1	0

9	864	384	22	1	1	0
9	880	384	22	1	1	0
9	896	384	22	1	1	0

9	944	336	22	1	1	0
9	944	352	22	1	1	0
9	960	352	22	1	1	4

9	960	400	22	1	1	0
9	976	400	22	1	1	0
9	992	400	22	1	1	0
9	1008	400	22	1	1	0

9	1008	352	22	1	1	3
9	1024	352	22	1	1	0
9	1040	352	22	1	1	0
9	1056	352	22	1	1	0
9	1072	352	22	1	1	0

9	1152	384	22	1	1	0
9	1168	384	22	1	1	0
9	1184	384	22	1	1	0
9	1200	384	22	1	1	0
9	1216	384	22	1	1	0

9	1184	304	22	1	1	0
9	1200	304	22	1	1	0
9	1216	304	22	1	1	0
9	1232	304	22	1	1	0

9	1232	288	22	1	1	1

9	1264	368	22	1	1	0
9	1280	368	22	1	1	0

9	1392	304	22	1	1	0
9	1408	304	22	1	1	0
9	1424	304	22	1	1	0

9	1536	288	22	1	1	3
9	1536	304	22	1	1	0

9	1536	368	22	1	1	0
9	1536	384	22	1	1	0

9	1536	400	22	1	1	0
9	1552	400	22	1	1	0
9	1568	400	22	1	1	0
9	1584	400	22	1	1	0

9	1728	288	22	1	1	0
9	1728	304	22	1	1	0
9	1728	320	22	1	1	0

9	1776	368	22	1	1	0
9	1792	368	22	1	1	0
9	1808	368	22	1	1	0

# COIN
11	336	304	5	12
11	352	304	5	12
11	368	304	5	12

11	416	272	5	12
11	432	272	5	12
11	448	272	5	12

11	1328	288	5	12
11	1344	288	5	12
11	1360	288	5	12

11	1504	272	5	12
11	1504	288	5	12
11	1504	304	5	12
11	1504	320	5	12
11	1504	336	5	12
11	1504	352	5	12
11	1504	368	5	12
11	1504	384	5	12

11	1888	304	5	12
11	1904	304	5	12
11	1920	304	5	12


# ColorBox
6	1967	368	20	3	3 	(PINK BOX)

#BOOMERANG BROTHER
16	2096	384	25



#PIPE
#type	x	y	ani_set	numX	numY	Special	Where(1Main/0Hide)	Hut/Day(1 hut/ 0day)	Height
7	1936	336	23	2	4	1	1	1	1
7	2192	384	23	2	2	1	1	0	0


# koopas
#color Red(0), Green(1) -> Type Having(2), Default(1), Shell(0)
3	200	320	4	0	2

3	1072	320	4	0	1

3	1984	341	4	0	1
3	1870	292	4	0	2

#ITEM END SCENE
14	2448	336	5
# --- SCENE PORTAL ----
#type x		y		ax	ay	l	t	r	b	idScence
50	2608	416		20	1	1	0	0	0	1

#===========================================================================================================TILEMAP
[TILEMAP]
# so dong tileset -> so cot tileset -> so dong data + 5 ->so cot data + 5
10	TileMap\world1-4.png	TileMap\world1-4.txt	5	11	32	166	16	16