[MAP_INFOR]
2816	656	272	240
[OBJECTS]
# BRICK
# --- platform (hint: I created the list using Excel!) ----
#Brick
1	1504	336	20	1	1
1	1520	336	20	1	1
1	1568	400	20	1	1
1	1584	400	20	1	1
1	1584	384	20	1	1
1	1600	400	20	1	1
1	1600	384	20	1	1
1	1600	368	20	1	1
1	1664	368	20	1	1
1	1664	384	20	1	1
1	1664	400	20	1	1
1	1680	384	20	1	1
1	1680	400	20	1	1
1	1696	400	20	1	1

1	2256	368	20	1	1
1	2272	368	20	1	1

1	2256	304	20	1	1
1	2272	304	20	1	1


# Weak Brick
#objtype x	y	ani_set	aMX	aMY	typeItem (Default 0,Mushroom 1, P_Switch 2, COIN 3)
9	1440	128	22	1	1	1

9	1952	400	22	1	1	0

9	1968	400	22	1	1	0
9	1968	384	22	1	1	0

9	1984	400	22	1	1	0
9	1984	384	22	1	1	0
9	1984	368	22	1	1	0

9	2000	400	22	1	1	0
9	2000	384	22	1	1	0
9	2000	368	22	1	1	0

9	2016	400	22	1	1	0
9	2016	384	22	1	1	0
9	2016	368	22	1	1	0

9	2032	400	22	1	1	0
9	2032	384	22	1	1	0
9	2032	368	22	1	1	2

9	2048	400	22	1	1	0

9	2096	400	22	1	1	0
9	2096	384	22	1	1	0

9	2112	400	22	1	1	0

#9	2260	50	22	1	1	3

# Question Brick
#objtype x	y	ani_set	aMX	aMY	typeItem (0 coin, 1 la item khac)
8	176	352	21	1	1	0
8	192	352	21	1	1	0
8	224	304	21	1	1	0
8	240	304	21	1	1	1
8	416	320	21	1	1	0
8	656	384	21	1	1	1
8	704	352	21	1	1	0
8	1472	368	21	1	1	0

# Cloud Brick
10	1407	191	20	4	1
10	1487	175	20	13	1



# Ground
5	0	416	22	39	1
5	624	400	22	29	1
5	1152	416	22	22	1
5	1536	416	22	5	1
5	1664	416	22	36	1
5	2256	416	22	38	1

5	-16	384	22	1	10
5	352	368	22	2	3
5	1505	336	22	2	1
5	1569	400	22	1	1
5	1585	384	22	1	2
5	1601	368	22	1	3
5	1665	368	22	1	3
5	1681	384	22	1	2
5	1697	400	22	1	1
5 	1793	384	22	2	2
5	1857	368	22	2	3
5	2256	368	22	2	3
5	2320	384	22	2	2
5	1968	464	22	8	12
5	2096	624	22	8	2
5	2224	608	22	1	3
5	2240	593	22	1	4
5	2256	576	22	1	5
5	2272	560	22	1	6
5	2288	544	22	1	7
5	2304	528	22	3	8
5	2352	464	22	8	12
5	2128	464	22	12	1

# ColorBox
6	240	368	20	3	3
6	270	336	20	3	5
6	400	368	20	5	3
6	464	336	20	4	5
6	512	304	20	4	7
6	512	384	20	6	2
6	1264	384	20	7	2

6	1312	144	20	4	2

6	1296	352	20	7	4
6	1328	320	20	7	6

6	2144	368	20	3	3
6	2176	272	20	3	9
# Green Pipe
#type	x	y	ani_set	numX	numY	Special	Where(1Main/0Hide)	Hut/Day(1 hut/ 0day)	Height
#7	352	368	23	2	3	0	0	0	1
#7	1792	384	23	2	2	0	0	0	0
#7	1856	368	23	2	3	0	0	0	1
#
#7	2096	464	23	2	2	2	0	0	3
#
#7	2256	384	23	2	2	0	0	0	4
#
#7	2256	112	23	2	12	1	1	1	2
#
#7	2320	384	23	2	2	1	1	0	0
#
#7	2320	464	23	2	2	2	0	1	3

#Enemy
#GOOMBA
#type 	x	y	ani_set	id_obj	type	level (0VANG, 1 DO. 1HAVEWING)
2	224	390	3	1.25	1.5	0	0
2	528	390	3	1.25	1.5	0	0
2	832	368	3	1.25	1.5	0	0
2	880	368	3	1.25	1.5	0	0
2	944	368	3	1.25	1.5	1	1

# KOOPAS
#type x y	id	type_detail	level
#color Red(0), Green(1) -> Type Having(2), Default(1), Shell(0)
3	576	300	4	1	1.625	0	1
3	1329	288	4	1	1.625	1	2
3	1375	288	4	1	1.625	1	2
3	1425	288	4	1	1.625	1	2
3	1471	388	4	1	1.625	1	1
3	2112	340	4	1	1.625	0	1
3	16	300	4	1	1.625	0	1

#Flower
4	360	368	6	1	2.0625	1
4	1800	384	6	1	1.5625	2
4	1864	368	6	1	1.5625	0


# COIN
11	1073	320	5	1	1	12
11	1105	288	5	1	1	12
11	1137	256	5	1	1	12
11	1169	224	5	1	1	12
11	1201	192	5	1	1	12
11	1329	80	5	1	1	12
11	1345	80	5	1	1	12
11	1361	80	5	1	1	12
11	1473	112	5	1	1	12
11	1489	112	5	1	1	12
11	1537	128	5	1	1	12
11	1553	128	5	1	1	12
11	1569	128	5	1	1	12
11	1585	128	5	1	1	12
11	1617	112	5	1	1	12
11	1633	112	5	1	1	12
11	1649	112	5	1	1	12
11	1665	112	5	1	1	12
11	1697	144	5	1	1	12
11	1729	112	5	1	1	12
11	1761	128	5	1	1	12
11	1809	96	5	1	1	12
11	1841	128	5	1	1	12
# hidden area
11	2177	504	5	1	1	12
11	2193	488	5	1	1	12
11	2209	488	5	1	1	12
11	2225	504	5	1	1	12
11	2225	520	5	1	1	12
11	2193	536	5	1	1	12
11	2209	536	5	1	1	12
11	2225	552	5	1	1	12
11	2225	568	5	1	1	12
11	2209	584	5	1	1	12
11	2193	584	5	1	1	12
11	2177	568	5	1	1	12
#16	2098	350	5	1	1	12
